314.8
317.4
320.1
322.8
325.5
328.1
330.8
333.5
336.1
338.8
341.5
344.1
346.8
349.4
352.1
354.7
357.4
360.0
362.7
365.3
367.9
370.6
373.2
375.8
378.5
381.1
383.7
386.3
388.9
391.5
394.1
396.7
399.3
401.9
404.5
407.1
409.7
412.3
414.9
417.4
420.0
422.6
425.1
427.7
430.2
432.8
435.3
437.9
440.4
442.9
445.5
448.0
450.5
453.0
455.6
458.1
460.6
463.1
465.6
468.0
470.5
473.0
475.5
478.0
480.4
482.9
485.3
487.8
490.2
492.7
495.1
497.6
500.0
502.4
504.8
507.2
509.6
512.0
514.4
516.8
519.2
521.6
524.0
526.3
528.7
531.1
533.4
535.8
538.1
540.4
542.8
545.1
547.4
549.7
552.0
554.3
556.6
558.9
561.2
563.5
565.8
568.0
570.3
572.6
574.8
577.1
579.3
581.5
583.8
586.0
588.2
590.4
592.6
594.8
597.0
599.2
601.4
603.6
605.7
607.9
610.0
612.2
614.3
616.5
618.6
620.7
622.8
625.0
627.1
629.2
631.3
633.3
635.4
637.5
639.6
641.6
643.7
645.7
647.8
649.8
651.8
653.9
655.9
657.9
659.9
661.9
663.9
665.9
667.9
669.8
671.8
673.8
675.7
677.7
679.6
681.5
683.5
685.4
687.3
689.2
691.1
693.0
694.9
696.8
698.7
700.5
702.4
704.3
706.1
708.0
709.8
711.6
713.5
715.3
717.1
718.9
720.7
722.5
724.3
726.1
727.8
729.6
731.4
733.1
734.9
736.6
738.3
740.1
741.8
743.5
745.2
746.9
748.6
750.3
752.0
753.7
755.4
757.0
758.7
760.4
762.0
763.6
765.3
766.9
768.5
770.2
771.8
773.4
775.0
776.6
778.2
779.7
781.3
782.9
784.4
786.0
787.6
789.1
790.6
792.2
793.7
795.2
796.7
798.3
799.8
801.3
802.7
804.2
805.7
807.2
808.7
810.1
811.6
813.0
814.5
815.9
817.4
818.8
820.2
821.6
823.1
824.5
825.9
827.3
828.6
830.0
831.4
832.8
834.2
835.5
836.9
838.2
839.6
840.9
842.3
843.6
844.9
846.3
847.6
848.9
850.2
851.5
852.8
854.1
855.4
856.7
857.9
859.2
860.5
861.7
863.0
864.3
865.5
866.8
868.0
869.2
870.5
871.7
872.9
874.1
875.3
876.6
877.8
879.0
880.2
881.3
882.5
883.7
884.9
314.8 4
317.4 25
320.1 26
322.8 35
325.5 46
328.1 61
330.8 89
333.5 119
336.1 146
338.8 173
341.5 214
344.1 289
346.8 426
349.4 625
352.1 800
354.7 867
357.4 834
360.0 728
362.7 617
365.3 572
367.9 572
370.6 594
373.2 630
375.8 702
378.5 805
381.1 878
383.7 877
386.3 878
388.9 881
391.5 880
394.1 855
396.7 651
399.3 573
401.9 588
404.5 641
407.1 749
409.7 862
412.3 877
414.9 879
417.4 880
420.0 878
422.6 882
425.1 878
427.7 868
430.2 757
432.8 665
435.3 618
437.9 578
440.4 546
442.9 520
445.5 515
448.0 539
450.5 537
453.0 540
455.6 525
458.1 521
460.6 529
463.1 551
465.6 589
468.0 586
470.5 567
473.0 523
475.5 495
478.0 497
480.4 523
482.9 580
485.3 677
487.8 725
490.2 731
492.7 707
495.1 666
497.6 660
500.0 645
502.4 602
504.8 554
507.2 506
509.6 476
512.0 474
514.4 486
516.8 506
519.2 524
521.6 513
524.0 489
526.3 459
528.7 460
531.1 479
533.4 526
535.8 539
538.1 528
540.4 479
542.8 453
545.1 433
547.4 421
549.7 414
552.0 429
554.3 465
556.6 502
558.9 519
561.2 524
563.5 501
565.8 466
568.0 434
570.3 398
572.6 386
574.8 391
577.1 398
579.3 406
581.5 410
583.8 409
586.0 392
588.2 365
590.4 330
592.6 310
594.8 305
597.0 325
599.2 368
601.4 395
603.6 412
605.7 404
607.9 385
610.0 391
612.2 426
614.3 517
616.5 564
618.6 559
620.7 517
622.8 436
625.0 376
627.1 354
629.2 341
631.3 339
633.3 340
635.4 347
637.5 366
639.6 398
641.6 442
643.7 513
645.7 574
647.8 628
649.8 633
651.8 660
653.9 702
655.9 712
657.9 672
659.9 627
661.9 555
663.9 484
665.9 449
667.9 450
669.8 449
671.8 434
673.8 412
675.7 374
677.7 329
679.6 281
681.5 238
683.5 208
685.4 187
687.3 173
689.2 163
691.1 165
693.0 169
694.9 178
696.8 185
698.7 184
700.5 180
702.4 171
704.3 168
706.1 161
708.0 165
709.8 171
711.6 170
713.5 159
715.3 150
717.1 136
718.9 120
720.7 111
722.5 104
724.3 101
726.1 105
727.8 110
729.6 123
731.4 136
733.1 159
734.9 208
736.6 277
738.3 404
740.1 549
741.8 688
743.5 767
745.2 774
746.9 718
748.6 615
750.3 484
752.0 357
753.7 254
755.4 175
757.0 137
758.7 115
760.4 101
762.0 91
763.6 96
765.3 110
766.9 158
768.5 263
770.2 436
771.8 631
773.4 780
775.0 853
776.6 867
778.2 808
779.7 683
781.3 550
782.9 403
784.4 245
786.0 141
787.6 119
789.1 125
790.6 127
792.2 124
793.7 118
795.2 109
796.7 99
798.3 86
799.8 77
801.3 71
802.7 64
804.2 64
805.7 67
807.2 75
808.7 89
810.1 109
811.6 145
813.0 192
814.5 246
815.9 294
817.4 333
818.8 352
820.2 350
821.6 326
823.1 279
824.5 230
825.9 179
827.3 132
828.6 94
830.0 66
831.4 57
832.8 59
834.2 73
835.5 91
836.9 114
838.2 134
839.6 151
840.9 171
842.3 184
843.6 183
844.9 169
846.3 159
847.6 147
848.9 134
850.2 125
851.5 121
852.8 128
854.1 145
855.4 174
856.7 210
857.9 260
859.2 308
860.5 351
861.7 396
863.0 423
864.3 436
865.5 444
866.8 433
868.0 408
869.2 367
870.5 325
871.7 276
872.9 223
874.1 175
875.3 127
876.6 88
877.8 65
879.0 51
880.2 40
881.3 36
882.5 34
883.7 33
884.9 29
